image: ens444.pgm
resolution: 0.020000
origin: [-5.606645, -3.521434, 0.000000]
negate: 0
occupied_thresh: 0.65
free_thresh: 0.196

