image: ens7.pgm
resolution: 0.020000
origin: [-4.051881, -0.872147, 0.000000]
negate: 0
occupied_thresh: 0.65
free_thresh: 0.196

