image: ens88.pgm
resolution: 0.020000
origin: [-0.957445, -2.867285, 0.000000]
negate: 0
occupied_thresh: 0.65
free_thresh: 0.196

