image: ens9.pgm
resolution: 0.020000
origin: [-4.937351, -4.966795, 0.000000]
negate: 0
occupied_thresh: 0.65
free_thresh: 0.196

