image: ens_race1.pgm
resolution: 0.020000
origin: [-4.921379, -4.776763, 0.000000]
negate: 0
occupied_thresh: 0.65
free_thresh: 0.196

