image: ens_race22.pgm
resolution: 0.020000
origin: [-6.608798, -3.573335, 0.000000]
negate: 0
occupied_thresh: 0.65
free_thresh: 0.196

