image: ens_quali.pgm
resolution: 0.020000
origin: [-6.177103, -2.348100, 0.000000]
negate: 0
occupied_thresh: 0.65
free_thresh: 0.196

