image: ens_2.pgm
resolution: 0.040000
origin: [-6.114311, -1.699939, 0.000000]
negate: 0
occupied_thresh: 0.65
free_thresh: 0.196

