image: ens_race3.pgm
resolution: 0.020000
origin: [-3.951799, -1.433864, 0.000000]
negate: 0
occupied_thresh: 0.65
free_thresh: 0.196

