image: esclangon_loop_2.pgm
resolution: 0.040000
origin: [-0.310036, -5.076296, 0.000000]
negate: 0
occupied_thresh: 0.65
free_thresh: 0.196

