image: esclangon_31.pgm
resolution: 0.040000
origin: [-5.450919, -7.307961, 0.000000]
negate: 0
occupied_thresh: 0.65
free_thresh: 0.196

