image: stcyr2.pgm
resolution: 0.040000
origin: [-4.054024, -0.660455, 0.000000]
negate: 0
occupied_thresh: 0.65
free_thresh: 0.196

