image: ens55.pgm
resolution: 0.020000
origin: [-2.168953, -1.607194, 0.000000]
negate: 0
occupied_thresh: 0.65
free_thresh: 0.196

