image: ens_1.pgm
resolution: 0.040000
origin: [-2.788024, -7.187836, 0.000000]
negate: 0
occupied_thresh: 0.65
free_thresh: 0.196

