image: saintcyr_3.pgm
resolution: 0.010000
origin: [-4.200975, -5.064358, 0.000000]
negate: 0
occupied_thresh: 0.65
free_thresh: 0.196

