image: su_bigmap.pgm
resolution: 0.040000
origin: [-4.689781, -1.152219, 0.000000]
negate: 0
occupied_thresh: 0.65
free_thresh: 0.196

